0, 65, 203, 325, 331, 446, 457, 522, 523, 722, 763, 829, 841, 847, 901, 902, 918, 921, 1017, 1028, 1031, 1180, 1191, 1295, 1415, 1541, 1590, 1650, 1660, 1790, 1963, 2094, 2305, 2377, 2395, 2410, 2575, 2931, 2937, 3128, 3170, 3180, 3274, 3297, 3315, 3316, 3337, 3354, 3371, 3475, 3507, 3508, 3831, 3962, 4015, 4026, 4036, 4039, 4098, 4224, 4239, 4328, 4451, 4478, 4515, 4529, 4558, 4925, 5071, 5103, 5253, 5528, 5751, 
1, 269, 275, 279, 355, 493, 512, 570, 637, 971, 1123, 1238, 1261, 1265, 1395, 1411, 1422, 1469, 1536, 1639, 1684, 1751, 1807, 1870, 1894, 1902, 2366, 2436, 2594, 2599, 2683, 2707, 2719, 2720, 2741, 3069, 3155, 3183, 3190, 3313, 3342, 3584, 3591, 3699, 3747, 3762, 3963, 4092, 4153, 4265, 4287, 4333, 4339, 4368, 4437, 4439, 4604, 4634, 4712, 4798, 4817, 4828, 4863, 4964, 4992, 5013, 5076, 5173, 5314, 5333, 5425, 5427, 5458, 5553, 5602, 5610, 5640, 5671, 5701, 5752, 
2, 197, 636, 673, 716, 852, 1015, 1077, 1385, 1426, 1562, 1631, 1686, 1694, 1945, 2140, 2274, 2394, 2399, 2400, 2416, 2511, 2636, 2640, 2838, 2911, 3004, 3006, 3009, 3221, 3222, 3253, 3608, 3609, 3706, 3979, 4008, 4049, 4124, 4152, 4306, 4825, 5003, 5022, 5069, 5217, 5301, 5390, 5391, 
3, 18, 34, 37, 80, 98, 102, 218, 465, 492, 518, 588, 629, 696, 748, 886, 1227, 1241, 1491, 1572, 1682, 1688, 1773, 1832, 1887, 1939, 2114, 2116, 2120, 2165, 2207, 2317, 2460, 2468, 2506, 2550, 2687, 2718, 2728, 2735, 2808, 3059, 3064, 3120, 3131, 3186, 3286, 3326, 3339, 3340, 3627, 3752, 3767, 3983, 4000, 4255, 4289, 4347, 4600, 4721, 4742, 4768, 4781, 4954, 4977, 5021, 5303, 5324, 5464, 5524, 5563, 5578, 5676, 
4, 40, 115, 268, 281, 351, 444, 586, 624, 641, 650, 683, 700, 746, 747, 927, 1187, 1196, 1247, 1282, 1471, 1500, 1691, 1762, 1833, 1865, 1951, 2167, 2200, 2220, 2256, 2356, 2420, 2424, 2628, 2765, 2804, 2829, 2839, 3124, 3144, 3377, 3380, 3474, 3568, 3636, 3811, 3813, 3821, 3868, 3883, 4025, 4054, 4209, 4226, 4335, 4341, 4343, 4399, 4609, 4718, 4842, 4941, 5011, 5107, 5120, 5165, 5179, 5318, 5380, 5407, 5422, 5446, 5648, 5691, 
5, 187, 189, 236, 392, 480, 796, 1176, 1213, 1252, 1375, 1484, 1689, 1732, 1745, 1775, 1904, 1907, 2003, 2013, 2058, 2091, 2231, 2238, 2259, 2309, 2334, 2695, 2758, 2809, 2966, 3095, 3250, 3271, 3440, 3562, 3697, 3764, 3772, 3923, 3939, 3948, 3956, 3958, 4024, 4063, 4130, 4157, 4393, 4404, 4458, 4528, 4606, 4685, 4699, 4731, 4829, 4960, 5016, 5158, 5180, 5357, 5660, 5697, 5731, 
6, 267, 374, 379, 464, 555, 565, 620, 626, 628, 654, 877, 994, 1039, 1169, 1204, 1358, 1409, 1476, 1507, 1846, 1858, 1997, 2041, 2056, 2118, 2204, 2221, 2261, 2345, 2447, 2615, 2696, 2710, 2795, 2828, 2846, 2864, 2941, 3191, 3307, 3416, 3442, 3457, 3616, 3864, 4317, 4394, 4499, 4554, 4603, 4624, 4638, 4696, 4722, 5045, 5119, 5143, 5350, 5516, 5646, 5674, 5721, 
7, 157, 395, 542, 547, 608, 741, 882, 942, 976, 1134, 1137, 1235, 1253, 1254, 1256, 1277, 1335, 1396, 1730, 1754, 1779, 1886, 1905, 1977, 2018, 2026, 2047, 2104, 2157, 2169, 2327, 2560, 2652, 2697, 2701, 2749, 2776, 3068, 3132, 3237, 3280, 3471, 3716, 3792, 3884, 3947, 4081, 4115, 4260, 4291, 4494, 4505, 4516, 4569, 4635, 4785, 4810, 4945, 5177, 5368, 5384, 5409, 5490, 5585, 5593, 5659, 5673, 
8, 47, 86, 129, 177, 184, 257, 286, 306, 391, 459, 474, 501, 529, 553, 560, 584, 639, 686, 709, 794, 804, 881, 894, 987, 1080, 1130, 1393, 1618, 1714, 1744, 1752, 1772, 1819, 1834, 1878, 2036, 2046, 2088, 2109, 2149, 2160, 2166, 2199, 2226, 2253, 2315, 2589, 2648, 2678, 2690, 2692, 2833, 2872, 2981, 3081, 3084, 3367, 3420, 3444, 3552, 3559, 3561, 3566, 3637, 3755, 3801, 3870, 3887, 3899, 3913, 3929, 3941, 3952, 3954, 4122, 4256, 4296, 4349, 4355, 4359, 4395, 4508, 4607, 4654, 4660, 4675, 4701, 4728, 4903, 5009, 5137, 5186, 5236, 5310, 5320, 5374, 5382, 5587, 5627, 5739, 
9, 127, 505, 534, 535, 537, 567, 616, 684, 729, 782, 788, 883, 1035, 1094, 1276, 1283, 1311, 1434, 1452, 1467, 1734, 1741, 1749, 1782, 1816, 1824, 1825, 1826, 1836, 1847, 1901, 1954, 1995, 2015, 2049, 2107, 2284, 2299, 2350, 2464, 2472, 2539, 2548, 2592, 2609, 2667, 2675, 2706, 2763, 2773, 2784, 2867, 3476, 3539, 3583, 3615, 3617, 3749, 3814, 3869, 3908, 3931, 3977, 3988, 4058, 4133, 4252, 4257, 4360, 4398, 4415, 4484, 4598, 4708, 4770, 4808, 4841, 5121, 5293, 5437, 5473, 5527, 5577, 
10, 214, 248, 249, 324, 332, 341, 436, 449, 496, 812, 836, 919, 930, 977, 983, 1346, 1420, 1429, 1515, 1537, 1653, 1661, 1924, 1940, 2044, 2234, 2250, 2407, 2474, 2478, 2480, 2482, 2994, 3001, 3091, 3210, 3211, 3319, 3447, 3506, 3661, 3673, 3828, 3907, 3919, 3969, 3972, 4012, 4014, 4101, 4155, 4174, 4444, 4469, 4470, 4479, 4663, 4856, 4860, 5023, 5044, 5047, 5191, 5213, 5214, 5275, 5509, 5595, 5706, 5734, 
11, 144, 171, 204, 258, 259, 300, 390, 471, 485, 562, 797, 863, 929, 948, 949, 1118, 1200, 1217, 1231, 1286, 1331, 1370, 1387, 1441, 1675, 1699, 1729, 1910, 1931, 1969, 2002, 2012, 2027, 2057, 2373, 2383, 2425, 2428, 2432, 2534, 2541, 2562, 2647, 2653, 2708, 2740, 2818, 2885, 2893, 2907, 2971, 2982, 3206, 3360, 3405, 3411, 3469, 3490, 3575, 3586, 3590, 3618, 3620, 3815, 3818, 3901, 4077, 4179, 4229, 4274, 4610, 4631, 4669, 4702, 4769, 4843, 5151, 5219, 5283, 5402, 5403, 5455, 5504, 5574, 5586, 5729, 
12, 56, 71, 81, 147, 176, 260, 371, 460, 482, 697, 754, 807, 972, 1053, 1085, 1121, 1122, 1188, 1377, 1451, 1454, 1665, 1937, 2252, 2265, 2421, 2544, 2553, 2556, 2798, 2945, 3056, 3073, 3125, 3135, 3161, 3163, 3181, 3209, 3278, 3343, 3361, 3480, 3595, 3696, 3719, 3859, 3957, 4400, 4509, 4544, 4546, 4551, 4565, 4815, 4839, 4840, 4879, 4902, 4957, 5129, 5562, 5608, 5628, 5638, 5653, 5704, 
13, 58, 63, 84, 194, 308, 410, 414, 526, 759, 816, 851, 872, 907, 1068, 1078, 1308, 1345, 1353, 1386, 1518, 1595, 1685, 1804, 1925, 1941, 2030, 2100, 2155, 2293, 2301, 2422, 2577, 2803, 2889, 3045, 3147, 3173, 3268, 3415, 3424, 3432, 3546, 3597, 3599, 3790, 3830, 3986, 4019, 4032, 4037, 4104, 4120, 4161, 4456, 4466, 4621, 4821, 4826, 5002, 5256, 5277, 5296, 5358, 5362, 5389, 5397, 5462, 5480, 5485, 5511, 5542, 5575, 
14, 19, 31, 73, 90, 182, 426, 442, 443, 445, 473, 600, 621, 644, 723, 900, 922, 1056, 1065, 1111, 1115, 1645, 1709, 1735, 1795, 1866, 1996, 2065, 2117, 2174, 2188, 2254, 2324, 2387, 2505, 2626, 2716, 2962, 3093, 3230, 3248, 3279, 3364, 3441, 3453, 3458, 3463, 3468, 3624, 3725, 3738, 3739, 3800, 3844, 3915, 3953, 3991, 4065, 4118, 4119, 4137, 4140, 4202, 4419, 4475, 4498, 4527, 4573, 4622, 4765, 4868, 4890, 4915, 4932, 4973, 5008, 5149, 5195, 5203, 5376, 5418, 5465, 5500, 5503, 5513, 5662, 5696, 5718, 
15, 2, 26, 263, 296, 364, 369, 430, 734, 764, 803, 924, 925, 1044, 1263, 1284, 1622, 1644, 1787, 1809, 1898, 2031, 2133, 2135, 2147, 2156, 2247, 2291, 2368, 2448, 2895, 2948, 2949, 3054, 3102, 3140, 3143, 3159, 3160, 3259, 3324, 3357, 3379, 3665, 3666, 3682, 3701, 3754, 4074, 4196, 4200, 4417, 4778, 4794, 4955, 5031, 5032, 5033, 5054, 5123, 5241, 5244, 5248, 5250, 5280, 5360, 5460, 5478, 5484, 5599, 5624, 5677, 5683, 5693, 5709, 5724, 
16, 10, 54, 299, 302, 303, 336, 354, 417, 843, 957, 1275, 1349, 1421, 1551, 1565, 1570, 1621, 1791, 1915, 2201, 2283, 2343, 2369, 2457, 2563, 2635, 2752, 2782, 2890, 3083, 3129, 3182, 3296, 3389, 3390, 3417, 3518, 3709, 3750, 3817, 4243, 4264, 4822, 4858, 5091, 5252, 5289, 5400, 5656, 
17, 0, 4, 76, 89, 119, 515, 656, 760, 768, 773, 848, 849, 869, 934, 1024, 1069, 1181, 1297, 1463, 1525, 1553, 1571, 1581, 1630, 1679, 1687, 1882, 1942, 1946, 1947, 1992, 2043, 2092, 2190, 2228, 2405, 2527, 2933, 2968, 3021, 3117, 3165, 3240, 3252, 3264, 3349, 3356, 3395, 3435, 3492, 3713, 3825, 3829, 3833, 3938, 3966, 3978, 3999, 4007, 4031, 4172, 4240, 4242, 4385, 4409, 4443, 4449, 4490, 4492, 4566, 4568, 4872, 4904, 4930, 5070, 5080, 5196, 5232, 5243, 5459, 5552, 5612, 5613, 5688, 5690, 5717, 5736, 5745, 
18, 21, 42, 46, 83, 108, 145, 288, 437, 470, 488, 489, 574, 634, 664, 668, 675, 678, 706, 718, 828, 864, 1002, 1163, 1184, 1210, 1329, 1364, 1636, 1920, 2298, 2434, 2456, 2496, 2590, 2608, 2700, 2815, 2954, 3027, 3031, 3075, 3402, 3472, 3551, 3574, 3578, 3674, 3681, 3858, 3872, 3874, 3875, 3888, 3894, 4055, 4189, 4294, 4298, 4501, 4576, 4577, 4644, 4653, 4655, 4670, 4711, 4764, 4812, 4813, 4832, 4852, 4862, 4864, 4943, 4993, 4997, 5136, 5139, 5147, 5160, 5332, 5381, 5395, 5421, 5445, 5447, 5589, 
19, 254, 293, 301, 352, 404, 434, 597, 736, 743, 780, 884, 906, 975, 1185, 1225, 1255, 1374, 1381, 1405, 1634, 1702, 1731, 1760, 1774, 1857, 1874, 1912, 1936, 1956, 1960, 1973, 2217, 2285, 2286, 2318, 2338, 2538, 2619, 2623, 2742, 2754, 2767, 2777, 2866, 3123, 3236, 3370, 3540, 3705, 3742, 3822, 3896, 3912, 3942, 4057, 4126, 4131, 4165, 4178, 4201, 4208, 4281, 4354, 4485, 4614, 4678, 4683, 4714, 4717, 5030, 5041, 5105, 5114, 5185, 5235, 5429, 5431, 5592, 5631, 5635, 5666, 
20, 114, 132, 133, 283, 367, 406, 416, 475, 490, 575, 576, 607, 640, 717, 1043, 1046, 1147, 1156, 1259, 1725, 1770, 1783, 1818, 1893, 2017, 2122, 2126, 2308, 2323, 2333, 2355, 2384, 2414, 2462, 2674, 2676, 2682, 2712, 2750, 2816, 2826, 2886, 2900, 2909, 3066, 3096, 3142, 3172, 3305, 3459, 3485, 3672, 3683, 3687, 3760, 3886, 4093, 4159, 4205, 4231, 4369, 4487, 4507, 4572, 4676, 4732, 4799, 4985, 5118, 5134, 5286, 5454, 5588, 5637, 
21, 342, 527, 753, 846, 1013, 1107, 1305, 1382, 1563, 1664, 1921, 2050, 2154, 2302, 2396, 2417, 2524, 2549, 2572, 2573, 2649, 2972, 2974, 2980, 2998, 3022, 3150, 3216, 3224, 3225, 3272, 3347, 3353, 3491, 3500, 3504, 3521, 3712, 3737, 3918, 4044, 4099, 4322, 4324, 4327, 4332, 4476, 4477, 4571, 4924, 4951, 5024, 5039, 5043, 5061, 5066, 5231, 5392, 5479, 5488, 5530, 5617, 
22, 16, 94, 255, 262, 318, 363, 394, 468, 751, 792, 950, 961, 966, 1034, 1052, 1093, 1150, 1319, 1366, 1423, 1574, 1604, 1613, 1647, 1663, 1695, 1917, 1919, 1958, 1999, 2067, 2103, 2129, 2186, 2437, 2451, 2537, 2646, 2673, 2680, 2717, 2725, 2729, 2736, 2746, 2781, 2897, 2903, 2906, 3030, 3400, 3408, 3533, 3554, 3569, 3677, 3688, 3703, 3721, 4163, 4334, 4342, 4407, 4424, 4436, 4502, 4503, 4512, 4535, 4666, 4734, 4790, 4894, 4933, 4937, 4966, 5079, 5340, 5469, 5605, 5625, 5723, 5727, 5730, 
23, 59, 166, 247, 316, 376, 431, 432, 476, 671, 731, 761, 1059, 1076, 1096, 1099, 1162, 1301, 1347, 1488, 1569, 1593, 1658, 1719, 1720, 1883, 1952, 2263, 2294, 2372, 2393, 2413, 2571, 2984, 3293, 3346, 3381, 3434, 3449, 3493, 3503, 3547, 3548, 3648, 3917, 3967, 4020, 4027, 4035, 4143, 4310, 4325, 4578, 4931, 4969, 5012, 5046, 5273, 5349, 5519, 
24, 69, 75, 103, 161, 217, 382, 383, 491, 504, 606, 615, 771, 875, 890, 908, 990, 1141, 1355, 1378, 1494, 1505, 1538, 1641, 1748, 1750, 1771, 1918, 1933, 1934, 2219, 2313, 2321, 2339, 2371, 2620, 2658, 2702, 2711, 2731, 2858, 2887, 2892, 3048, 3208, 3289, 3302, 3373, 3387, 3577, 3679, 3820, 3861, 3885, 4073, 4080, 4085, 4177, 4290, 4345, 4383, 4423, 4495, 4504, 4534, 4623, 4695, 4707, 4735, 4755, 4761, 4772, 4952, 4959, 4970, 5354, 5378, 5424, 5536, 5569, 5591, 5606, 5722, 5756, 
25, 23, 96, 206, 222, 362, 441, 538, 612, 662, 885, 892, 1045, 1170, 1189, 1323, 1339, 1457, 1458, 1465, 1482, 1533, 1589, 1712, 1738, 1821, 1966, 2000, 2004, 2045, 2121, 2143, 2158, 2216, 2319, 2320, 2352, 2353, 2470, 2501, 2689, 2779, 2814, 2874, 3063, 3121, 3136, 3164, 3204, 3205, 3228, 3287, 3344, 3345, 3363, 3426, 3488, 3735, 3757, 3980, 4062, 4182, 4203, 4232, 4268, 4318, 4323, 4372, 4472, 4523, 4709, 4779, 4801, 4827, 4846, 4854, 4912, 4987, 5042, 5089, 5319, 5453, 5491, 5512, 5661, 5665, 
26, 165, 193, 195, 223, 225, 238, 246, 256, 321, 327, 330, 415, 456, 594, 762, 767, 775, 810, 818, 819, 1011, 1019, 1029, 1073, 1114, 1140, 1343, 1528, 1529, 1530, 1580, 1659, 1667, 1718, 1803, 1806, 1841, 1885, 2081, 2131, 2269, 2415, 2481, 2508, 2509, 2516, 2531, 2650, 2963, 2970, 2990, 3008, 3012, 3100, 3127, 3146, 3217, 3267, 3325, 3336, 3352, 3437, 3505, 3510, 3515, 3527, 3592, 3600, 3602, 3634, 3646, 3649, 3710, 3714, 3728, 3736, 3920, 4002, 4033, 4040, 4246, 4305, 4382, 4662, 4838, 4926, 5019, 5067, 5068, 5078, 5264, 5274, 5393, 5514, 5687, 
27, 13, 36, 72, 97, 109, 118, 205, 270, 360, 499, 581, 590, 688, 711, 945, 968, 1079, 1109, 1164, 1192, 1327, 1330, 1432, 1459, 1477, 1479, 1642, 1700, 1701, 1710, 1711, 1726, 1737, 1862, 1888, 1953, 1979, 2014, 2073, 2179, 2311, 2433, 2449, 2458, 2567, 2772, 2780, 2851, 3177, 3269, 3407, 3520, 3553, 3845, 3848, 4038, 4228, 4308, 4510, 4532, 4537, 4548, 4553, 4564, 4567, 4661, 4730, 4814, 4873, 4938, 5015, 5083, 5115, 5282, 5285, 5370, 5373, 5449, 5474, 5566, 5643, 
28, 30, 39, 181, 401, 579, 730, 895, 1033, 1051, 1087, 1158, 1182, 1270, 1281, 1287, 1363, 1513, 1594, 1602, 1764, 1844, 1850, 1895, 1916, 2052, 2062, 2230, 2287, 2340, 2365, 2547, 2555, 2581, 2587, 2593, 2618, 2655, 2739, 2753, 2755, 2789, 2796, 2852, 3036, 3046, 3057, 3070, 3071, 3118, 3134, 3187, 3254, 3384, 3565, 3612, 3753, 3756, 3780, 3783, 3897, 3982, 4069, 4076, 4272, 4353, 4371, 4377, 4422, 4519, 4555, 4590, 4628, 4710, 4715, 4845, 5084, 5117, 5163, 5169, 5312, 5352, 5356, 5735, 
29, 112, 113, 138, 139, 178, 507, 544, 556, 603, 605, 617, 618, 708, 744, 826, 860, 862, 878, 953, 995, 1205, 1391, 1392, 1475, 1637, 1654, 1690, 1853, 1876, 1896, 2048, 2060, 2068, 2267, 2374, 2477, 2504, 2558, 2586, 2591, 2600, 2607, 2671, 2703, 2786, 2793, 2834, 2840, 2854, 2868, 2877, 2944, 3158, 3207, 3227, 3292, 3419, 3464, 3702, 3758, 3791, 3893, 4145, 4215, 4266, 4314, 4381, 4581, 4595, 4636, 4649, 4703, 4719, 4766, 4786, 4978, 5104, 5171, 5220, 5388, 5576, 5580, 5623, 5670, 
30, 32, 35, 66, 175, 191, 272, 402, 472, 805, 854, 876, 1037, 1151, 1369, 1498, 1499, 1506, 1535, 1776, 1798, 1867, 1892, 1948, 2033, 2145, 2183, 2193, 2194, 2466, 2774, 2855, 2940, 2967, 3049, 3410, 3455, 3545, 3748, 3849, 3867, 3943, 3960, 3997, 4056, 4312, 4365, 4370, 4396, 4491, 4727, 4876, 4895, 4975, 5197, 5271, 5278, 5538, 5549, 5550, 5632, 5680, 5714, 
31, 12, 365, 458, 466, 631, 638, 681, 682, 703, 704, 705, 931, 939, 986, 1089, 1173, 1175, 1480, 1497, 1617, 1856, 1965, 1983, 2082, 2125, 2192, 2266, 2270, 2300, 2440, 2442, 2580, 2612, 2657, 2715, 2727, 2811, 2821, 2827, 2917, 2921, 3060, 3065, 3077, 3116, 3168, 3385, 3571, 3579, 3614, 3633, 3692, 3761, 3804, 3841, 3932, 3981, 4047, 4107, 4363, 4496, 4645, 4686, 4693, 4694, 4800, 4848, 4861, 4866, 4898, 4949, 4995, 5051, 5088, 5093, 5138, 5276, 5339, 5351, 5366, 5375, 5433, 5533, 5609, 5757, 
32, 15, 253, 277, 366, 373, 541, 552, 589, 689, 779, 784, 856, 955, 1145, 1168, 1268, 1365, 1437, 1440, 1443, 1481, 1578, 1692, 1697, 1743, 1881, 2074, 2112, 2187, 2347, 2465, 2663, 2669, 2694, 2878, 2902, 3378, 3479, 3538, 3564, 3580, 3619, 3631, 3799, 3812, 3819, 3834, 3878, 3959, 4072, 4089, 4194, 4313, 4321, 4425, 4543, 4642, 4697, 4749, 4762, 4763, 4830, 4891, 4976, 4982, 5106, 5125, 5290, 5313, 5387, 5560, 5567, 5583, 5679, 5716, 
33, 152, 192, 227, 311, 326, 335, 343, 451, 519, 524, 531, 765, 809, 873, 905, 915, 1020, 1299, 1350, 1427, 1542, 1544, 1550, 1560, 1564, 1585, 1669, 1683, 1786, 1993, 2063, 2083, 2099, 2130, 2138, 2245, 2409, 2412, 2520, 2522, 2641, 2807, 2913, 2914, 3019, 3040, 3099, 3104, 3223, 3232, 3234, 3244, 3294, 3318, 3332, 3425, 3433, 3497, 3499, 3516, 3549, 3598, 3650, 3655, 3657, 3660, 3694, 3695, 3921, 3922, 4013, 4086, 4109, 4247, 4331, 4659, 4883, 4913, 5000, 5017, 5018, 5204, 5207, 5269, 5327, 5477, 5548, 5557, 
34, 78, 117, 135, 169, 173, 174, 278, 292, 467, 587, 599, 601, 611, 625, 648, 674, 692, 694, 956, 1152, 1207, 1304, 1462, 1615, 1646, 1706, 1716, 1785, 1810, 1811, 1859, 1978, 1990, 2213, 2272, 2275, 2326, 2349, 2557, 2616, 2662, 2665, 2670, 2756, 2788, 2790, 2791, 2819, 2857, 2884, 3090, 3162, 3195, 3299, 3301, 3391, 3467, 3625, 3686, 4060, 4064, 4087, 4513, 4514, 4579, 4648, 4658, 4687, 4773, 4796, 4816, 4893, 4950, 4958, 4983, 5441, 5555, 5564, 
35, 20, 27, 130, 134, 201, 290, 347, 375, 469, 652, 655, 658, 670, 735, 777, 806, 897, 944, 1214, 1218, 1240, 1271, 1367, 1723, 2075, 2168, 2518, 2561, 2627, 2630, 2737, 2801, 2802, 2832, 3020, 3034, 3189, 3358, 3430, 3483, 3544, 3563, 3613, 3718, 3826, 4016, 4156, 4183, 4244, 4367, 4402, 4526, 4599, 4783, 4853, 4855, 4934, 5150, 5181, 5227, 5309, 5415, 5489, 5568, 
36, 11, 14, 170, 274, 481, 517, 572, 580, 651, 676, 687, 695, 707, 750, 958, 1084, 1091, 1128, 1139, 1216, 1328, 1390, 1455, 1588, 1598, 1652, 1672, 1676, 1778, 1797, 1909, 1914, 1982, 2210, 2430, 2469, 2473, 2566, 2622, 2631, 2686, 2883, 2936, 3035, 3079, 3080, 3122, 3175, 3413, 3487, 3570, 3588, 3611, 3676, 3707, 3715, 3745, 3851, 3856, 4154, 4234, 4258, 4270, 4413, 4525, 4542, 4650, 4667, 4668, 4674, 4865, 4917, 4944, 4946, 4965, 5010, 5086, 5092, 5109, 5325, 5344, 5348, 5355, 5399, 5408, 5438, 5448, 5451, 5507, 5618, 5629, 5681, 5728, 5740, 5749, 
37, 209, 532, 536, 546, 558, 561, 573, 623, 770, 936, 1054, 1088, 1116, 1201, 1203, 1211, 1251, 1318, 1596, 1603, 1769, 1780, 1855, 1875, 1906, 1981, 1998, 2176, 2177, 2224, 2277, 2290, 2306, 2337, 2341, 2391, 2487, 2492, 2559, 2597, 2598, 2604, 2617, 2639, 2734, 2738, 2757, 2799, 2856, 3028, 3050, 3184, 3200, 3282, 3291, 3630, 3779, 3789, 3853, 3871, 3877, 3906, 4046, 4079, 4176, 4180, 4251, 4267, 4340, 4397, 4471, 4518, 4647, 4692, 4713, 4756, 4939, 4942, 5126, 5128, 5140, 5153, 5229, 5238, 5329, 5353, 5619, 5647, 5748, 
38, 150, 359, 498, 563, 568, 602, 710, 827, 830, 891, 941, 1004, 1103, 1124, 1237, 1269, 1289, 1359, 1435, 1470, 1655, 1812, 1959, 2009, 2071, 2096, 2182, 2262, 2486, 2552, 2588, 2713, 2771, 2817, 2862, 3055, 3072, 3157, 3290, 3557, 3816, 3840, 3936, 4129, 4207, 4273, 4373, 4405, 4412, 4545, 4591, 4618, 4652, 4672, 4705, 4720, 4775, 4831, 4936, 5144, 5159, 5161, 5166, 5170, 5331, 5337, 5406, 5426, 5467, 5523, 5611, 5636, 5644, 
39, 339, 454, 477, 521, 776, 824, 842, 888, 984, 1018, 1021, 1022, 1023, 1061, 1064, 1119, 1348, 1416, 1419, 1428, 1519, 1548, 1583, 1728, 1964, 2243, 2408, 2411, 2525, 2529, 2533, 2570, 2910, 2912, 2923, 2947, 2976, 2997, 3005, 3007, 3233, 3251, 3275, 3327, 3328, 3331, 3334, 3372, 3436, 3495, 3509, 3603, 3604, 3658, 3711, 3824, 3989, 4041, 4146, 4191, 4213, 4217, 4241, 4302, 4454, 4464, 4664, 4824, 4886, 5189, 5192, 5205, 5206, 5302, 5328, 5463, 5535, 5685, 5753, 
40, 60, 220, 232, 239, 240, 265, 310, 337, 344, 361, 452, 758, 766, 813, 820, 970, 1030, 1048, 1067, 1160, 1229, 1285, 1336, 1373, 1556, 1576, 1582, 1633, 1674, 1724, 2020, 2024, 2418, 2485, 2515, 2521, 2530, 2991, 3015, 3114, 3314, 3335, 3513, 3651, 3662, 3733, 3933, 3971, 3976, 4028, 4050, 4303, 4446, 4497, 4874, 4922, 4971, 4999, 5081, 5099, 5111, 5202, 5212, 5297, 5573, 
41, 17, 24, 29, 74, 88, 101, 159, 183, 188, 368, 386, 400, 439, 509, 539, 669, 690, 724, 745, 793, 1117, 1178, 1199, 1232, 1262, 1298, 1322, 1362, 1408, 1566, 1815, 1823, 2007, 2136, 2195, 2223, 2257, 2625, 2656, 2733, 2899, 2919, 3243, 3403, 3409, 3445, 3446, 3454, 3542, 3550, 3638, 3639, 3670, 3768, 3850, 3902, 3964, 4004, 4005, 4017, 4173, 4254, 4338, 4461, 4500, 4522, 4524, 4556, 4560, 4582, 4629, 4704, 4870, 4896, 4899, 4918, 4962, 5085, 5154, 5239, 5251, 5270, 5287, 5338, 5518, 5657, 5732, 
42, 104, 462, 548, 559, 566, 596, 598, 627, 992, 1005, 1042, 1050, 1105, 1144, 1228, 1320, 1388, 1399, 1400, 1402, 1433, 1436, 1453, 1472, 1747, 1755, 1759, 1820, 1863, 1872, 1880, 2070, 2105, 2178, 2239, 2271, 2314, 2329, 2385, 2493, 2500, 2583, 2584, 2606, 2659, 2724, 2732, 2743, 2747, 2768, 2778, 2836, 3026, 3061, 3130, 3398, 3556, 3589, 3720, 3771, 3854, 3879, 3882, 3891, 3927, 4078, 4084, 4204, 4236, 4295, 4429, 4588, 4615, 4682, 4689, 4706, 4725, 4777, 4837, 4979, 5040, 5122, 5218, 5291, 5417, 5436, 5442, 5571, 5603, 5639, 5655, 
43, 99, 282, 294, 483, 733, 785, 898, 991, 1220, 1243, 1250, 1288, 1439, 1522, 1624, 1746, 1765, 1817, 1822, 2016, 2222, 2502, 2677, 2714, 2823, 2843, 2896, 2960, 3003, 3058, 3076, 3154, 3338, 3572, 3691, 3774, 3782, 3810, 3836, 3863, 3865, 3881, 4263, 4315, 4344, 4351, 4357, 4592, 4620, 4627, 4637, 4771, 4792, 5004, 5065, 5146, 5162, 5167, 5172, 5371, 5398, 5423, 5444, 5486, 5672, 
44, 3, 5, 6, 8, 49, 121, 230, 315, 340, 370, 420, 592, 858, 870, 911, 912, 913, 914, 932, 933, 1248, 1394, 1447, 1792, 1793, 1794, 1808, 1814, 1829, 1868, 1930, 2039, 2040, 2078, 2127, 2151, 2172, 2175, 2189, 2197, 2218, 2344, 2535, 2579, 2629, 2634, 2824, 2850, 3092, 3103, 3105, 3107, 3108, 3110, 3112, 3119, 3137, 3139, 3166, 3255, 3257, 3258, 3262, 3265, 3304, 3308, 3309, 3310, 3311, 3312, 3321, 3323, 3355, 3383, 3414, 3439, 3667, 3668, 3708, 3909, 3934, 4023, 4121, 4127, 4132, 4135, 4184, 4190, 4198, 4350, 4386, 4511, 4557, 4570, 4751, 4757, 4867, 5026, 5060, 5064, 5198, 5199, 5200, 5201, 5210, 5245, 5249, 5261, 5281, 5323, 5502, 5505, 5601, 5614, 5667, 5678, 5682, 5698, 5703, 5708, 5710, 5712, 5713, 5725, 5733, 5742, 5743, 5746, 5750, 5759, 
45, 1, 7, 107, 198, 554, 861, 867, 871, 909, 998, 1006, 1007, 1008, 1112, 1368, 1468, 1485, 1510, 1619, 1756, 1944, 1994, 2097, 2132, 2134, 2146, 2152, 2163, 2173, 2288, 2382, 2551, 2578, 2621, 2825, 2849, 2950, 2969, 3037, 3051, 3101, 3106, 3109, 3113, 3138, 3141, 3169, 3231, 3256, 3260, 3261, 3263, 3281, 3284, 3664, 3998, 4022, 4114, 4134, 4192, 4199, 4250, 4384, 4438, 4463, 4691, 4782, 4806, 4871, 4919, 5028, 5029, 5034, 5087, 5090, 5194, 5246, 5247, 5315, 5316, 5321, 5361, 5461, 5482, 5483, 5594, 5597, 5600, 5684, 5689, 5699, 5702, 5711, 5715, 5720, 5744, 5747, 5758, 
46, 137, 213, 234, 250, 405, 423, 428, 497, 838, 865, 903, 916, 917, 1379, 1489, 1656, 2139, 3038, 3213, 3348, 3375, 3494, 3642, 3827, 3838, 4006, 4106, 4162, 4700, 4972, 5006, 5038, 5052, 5062, 5255, 5258, 5298, 5537, 5545, 5572, 5663, 5707, 5755, 
47, 41, 407, 510, 789, 831, 868, 988, 1230, 1278, 1326, 1356, 1371, 1403, 1486, 1493, 1503, 1599, 1681, 1733, 1840, 1899, 1900, 1932, 1955, 2029, 2053, 2054, 2055, 2144, 2159, 2336, 2346, 2362, 2363, 2367, 2453, 2455, 2554, 2585, 2681, 2745, 2770, 2794, 3053, 3133, 3156, 3185, 3201, 3450, 3541, 3626, 3704, 3775, 3786, 3880, 3895, 4102, 4364, 4375, 4380, 4406, 4633, 4680, 4724, 4780, 4805, 4809, 4878, 4935, 4940, 5075, 5168, 5174, 5334, 5335, 5342, 5521, 5558, 5579, 5604, 5607, 5641, 5642, 5645, 5654, 
48, 128, 314, 657, 790, 795, 857, 879, 969, 1081, 1314, 1357, 1495, 1568, 1579, 1601, 1640, 1705, 1784, 1903, 1949, 2010, 2079, 2110, 2237, 2255, 2260, 2292, 2297, 2389, 2467, 2564, 2698, 2775, 2830, 2861, 2871, 2880, 3740, 3842, 3843, 3951, 3993, 4139, 4276, 4277, 4285, 4379, 4549, 4736, 4759, 4788, 4797, 4850, 5048, 5116, 5183, 5188, 5367, 5457, 5520, 5522, 5686, 5705, 
49, 110, 155, 210, 212, 241, 307, 412, 520, 714, 721, 840, 910, 979, 997, 1060, 1072, 1097, 1108, 1159, 1294, 1351, 1531, 1552, 1554, 1628, 1662, 1668, 1670, 1727, 1923, 2042, 2086, 2102, 2523, 2532, 2638, 2916, 2928, 2930, 2959, 3000, 3041, 3178, 3212, 3219, 3241, 3273, 3317, 3514, 3517, 3524, 3606, 3635, 3731, 4030, 4103, 4222, 4301, 4559, 4741, 4892, 5055, 5216, 5262, 5266, 5267, 5493, 5539, 5596, 5621, 5700, 
50, 153, 287, 298, 461, 478, 540, 543, 585, 725, 739, 769, 937, 947, 952, 1055, 1066, 1136, 1197, 1221, 1224, 1226, 1267, 1317, 1404, 1407, 1414, 1490, 1514, 1757, 1813, 1827, 1843, 1950, 1970, 1984, 2198, 2348, 2351, 2354, 2358, 2360, 2503, 2601, 2611, 2726, 2759, 2764, 2787, 2810, 2813, 3197, 3582, 3766, 3770, 3796, 3808, 3889, 3910, 4059, 4259, 4261, 4292, 4337, 4356, 4358, 4441, 4601, 4616, 4617, 4646, 4698, 4789, 4807, 5141, 5411, 5420, 5434, 5529, 
51, 91, 158, 215, 233, 358, 494, 516, 604, 614, 702, 787, 855, 946, 1038, 1148, 1215, 1239, 1242, 1360, 1442, 1524, 1534, 1758, 1830, 1908, 1988, 2005, 2025, 2164, 2454, 2471, 2596, 2613, 2643, 2688, 2730, 2844, 2847, 2863, 2873, 2879, 2918, 3283, 3362, 3470, 3622, 3629, 3678, 3722, 3802, 3835, 3839, 3890, 3905, 3984, 3987, 3990, 4061, 4068, 4297, 4361, 4366, 4392, 4411, 4488, 4520, 4561, 4593, 4681, 4716, 4729, 4776, 4804, 4836, 4984, 4986, 5343, 5416, 5430, 5544, 5630, 5650, 5692, 5694, 
52, 53, 266, 545, 549, 564, 569, 595, 610, 647, 701, 728, 928, 960, 973, 989, 993, 1132, 1167, 1171, 1198, 1244, 1246, 1445, 1502, 1606, 1638, 1715, 1761, 1835, 1849, 1974, 2028, 2276, 2380, 2390, 2423, 2450, 2463, 2488, 2489, 2582, 2632, 2751, 2797, 2841, 2939, 3097, 3194, 3235, 3427, 3535, 3628, 3741, 3743, 3763, 3806, 3809, 3928, 4225, 4262, 4269, 4275, 4279, 4346, 4414, 4589, 4594, 4611, 4639, 4665, 4684, 4803, 4847, 4956, 4996, 5133, 5135, 5152, 5336, 5372, 5377, 5401, 5405, 5508, 5554, 5581, 5652, 5658, 
53, 62, 226, 228, 242, 328, 334, 411, 413, 715, 811, 823, 832, 834, 845, 978, 981, 1012, 1083, 1165, 1310, 1418, 1444, 1527, 1591, 1632, 2019, 2021, 2084, 2137, 2397, 2510, 2513, 2514, 2542, 2637, 2651, 2987, 2989, 2993, 3010, 3014, 3016, 3044, 3115, 3145, 3295, 3396, 3498, 3511, 3525, 3607, 3640, 3644, 3645, 3723, 3916, 3925, 4021, 4043, 4193, 4197, 4220, 4428, 4430, 4450, 4562, 4575, 4923, 4928, 4989, 5025, 5082, 5112, 5215, 5260, 5268, 5322, 5494, 
54, 22, 67, 85, 140, 148, 190, 280, 322, 378, 419, 500, 578, 591, 799, 951, 1166, 1212, 1219, 1245, 1325, 1380, 1614, 1673, 1740, 1788, 1805, 2022, 2037, 2059, 2111, 2171, 2227, 2379, 2443, 2762, 2881, 3086, 3151, 3246, 3576, 3773, 4082, 4141, 4167, 4206, 4460, 4625, 4760, 4784, 4859, 4869, 4881, 4882, 4888, 4905, 5027, 5096, 5110, 5176, 5265, 5472, 5476, 5497, 5532, 5543, 5622, 5695, 5754, 
55, 55, 208, 403, 463, 630, 633, 645, 659, 660, 663, 665, 667, 699, 737, 755, 781, 808, 850, 889, 959, 1063, 1075, 1101, 1186, 1195, 1332, 1338, 1341, 1446, 1461, 1523, 1540, 1625, 1799, 1890, 1926, 2115, 2124, 2273, 2335, 2431, 2952, 3082, 3196, 3238, 3242, 3247, 3532, 3593, 3594, 3911, 4083, 4293, 4387, 4408, 4605, 5234, 5295, 5306, 5363, 5487, 5498, 5615, 
56, 25, 70, 116, 120, 131, 141, 142, 168, 418, 433, 502, 514, 732, 786, 967, 974, 1143, 1149, 1177, 1257, 1383, 1677, 1704, 1708, 1742, 1871, 1935, 1968, 2001, 2008, 2034, 2128, 2185, 2242, 2316, 2378, 2438, 2441, 2445, 2446, 2497, 2845, 2901, 2942, 2957, 3088, 3089, 3229, 3401, 3462, 3478, 3519, 3537, 3573, 3700, 3793, 3795, 3946, 3949, 4045, 4091, 4094, 4142, 4170, 4171, 4185, 4186, 4319, 4418, 4462, 4493, 4533, 4536, 4584, 4626, 4929, 4990, 5049, 5053, 5063, 5073, 5127, 5481, 5515, 5664, 5726, 
57, 100, 123, 125, 180, 207, 219, 357, 396, 429, 613, 679, 801, 899, 1129, 1138, 1154, 1249, 1266, 1306, 1516, 1635, 1643, 1800, 1801, 1985, 2011, 2141, 2142, 2215, 2498, 2576, 2831, 2860, 2865, 2876, 3202, 3306, 3376, 3399, 3477, 3486, 3632, 3671, 3846, 3852, 3866, 3930, 3961, 3994, 3996, 4271, 4284, 4316, 4348, 4420, 4431, 4489, 4538, 4539, 4552, 4586, 4612, 4613, 4679, 4723, 4737, 4748, 4774, 4795, 4981, 5074, 5288, 5330, 5468, 5559, 5582, 5651, 
58, 64, 68, 106, 186, 289, 389, 791, 1100, 1127, 1222, 1279, 1280, 1450, 1511, 1600, 1616, 1707, 1713, 1789, 1861, 2095, 2209, 2214, 2282, 2322, 2328, 2331, 2388, 2444, 2452, 2568, 2654, 2721, 2761, 2820, 3023, 3226, 3388, 3397, 3484, 3585, 3744, 3769, 3860, 3940, 3950, 4053, 4071, 4150, 4168, 4175, 4253, 4320, 4388, 4486, 4739, 4889, 5345, 5419, 5738, 
59, 82, 111, 156, 162, 164, 172, 199, 200, 224, 229, 231, 237, 243, 264, 313, 425, 438, 440, 506, 720, 774, 778, 822, 833, 904, 1032, 1082, 1106, 1302, 1344, 1547, 1549, 1567, 1587, 1627, 1648, 1802, 1928, 1943, 2080, 2093, 2244, 2295, 2296, 2398, 2517, 2519, 2569, 2938, 2988, 2996, 3043, 3214, 3220, 3245, 3303, 3359, 3431, 3654, 3832, 3968, 4001, 4003, 4034, 4105, 4125, 4136, 4164, 4181, 4421, 4468, 4480, 4481, 4875, 4884, 4900, 4914, 4920, 4998, 5001, 5057, 5095, 5101, 5102, 5184, 5209, 5254, 5534, 5540, 5556, 5561, 5668, 5741, 
60, 309, 323, 455, 525, 593, 672, 757, 839, 920, 996, 1027, 1098, 1292, 1425, 1526, 1557, 1597, 1796, 1848, 1929, 2006, 2106, 2249, 2268, 2392, 2401, 2402, 2483, 2484, 2526, 2642, 2915, 2977, 2979, 2986, 3239, 3421, 3422, 3496, 3601, 3652, 3669, 3724, 3935, 3937, 3975, 4009, 4151, 4214, 4238, 4245, 4304, 4311, 4326, 4447, 4452, 4574, 4726, 4823, 4885, 4909, 4910, 4927, 5036, 5226, 5300, 5311, 5396, 5531, 5541, 
61, 77, 244, 304, 312, 320, 377, 388, 424, 447, 479, 814, 844, 859, 1074, 1291, 1337, 1376, 1417, 1517, 1545, 1651, 1680, 1721, 1884, 1891, 1987, 2150, 2153, 2232, 2236, 2240, 2241, 2248, 2512, 2951, 2953, 2965, 2975, 3153, 3270, 3322, 3394, 3423, 3438, 3465, 3489, 3502, 3596, 3605, 3776, 4048, 4110, 4123, 4195, 4211, 4427, 4448, 4818, 5035, 5050, 5208, 5257, 5263, 5272, 5501, 5598, 5719, 5737, 
62, 221, 251, 333, 338, 380, 450, 453, 821, 874, 985, 1049, 1062, 1092, 1290, 1293, 1296, 1352, 1430, 1487, 1559, 1586, 1649, 1961, 2085, 2233, 2251, 2406, 2419, 2475, 2536, 2985, 2999, 3017, 3152, 3330, 3333, 3428, 3641, 3653, 3656, 3663, 3729, 4010, 4100, 4108, 4188, 4216, 4221, 4278, 4744, 4906, 4911, 5005, 5020, 5211, 5230, 5259, 5279, 5317, 
63, 48, 51, 93, 126, 136, 235, 273, 295, 297, 305, 356, 427, 642, 726, 1009, 1104, 1183, 1202, 1372, 1532, 1577, 1605, 1609, 1671, 1696, 1736, 1842, 1854, 2072, 2076, 2180, 2184, 2206, 2280, 2304, 2479, 2644, 2672, 2769, 2805, 2835, 2853, 2859, 2905, 3029, 3032, 3047, 3285, 3341, 3392, 3418, 3460, 3481, 3955, 3992, 4067, 4112, 4128, 4138, 4235, 4299, 4329, 4457, 4521, 4550, 4583, 4596, 4641, 4671, 4673, 4733, 4738, 4758, 4767, 4916, 4991, 5132, 5182, 5364, 5365, 5496, 5551, 5649, 
64, 33, 43, 45, 143, 329, 348, 397, 422, 484, 487, 528, 649, 1001, 1095, 1131, 1206, 1466, 1575, 1608, 1611, 1693, 1703, 1717, 1837, 1971, 1976, 1980, 2208, 2211, 2264, 2307, 2330, 2332, 2342, 2426, 2494, 2543, 2610, 2624, 2645, 2684, 2822, 2870, 2875, 2898, 2904, 2908, 2935, 2955, 3074, 3176, 3249, 3466, 3555, 3558, 3621, 3685, 3717, 3751, 3798, 4052, 4088, 4090, 4148, 4227, 4237, 4248, 4378, 4391, 4403, 4442, 4585, 4651, 4677, 4791, 4851, 4963, 4967, 5097, 5142, 5157, 5187, 5225, 5242, 5386, 5404, 5412, 5471, 5510, 5570, 
65, 44, 149, 503, 530, 582, 661, 783, 815, 817, 954, 1036, 1090, 1142, 1155, 1161, 1179, 1194, 1236, 1264, 1520, 1539, 1573, 1584, 1610, 1629, 1838, 1962, 1972, 2087, 2203, 2278, 2325, 2357, 2435, 2439, 2490, 2507, 2540, 2574, 2685, 2956, 2958, 2961, 2978, 3094, 3167, 3412, 3530, 3581, 3876, 3973, 4051, 4747, 4849, 5056, 5156, 5175, 5284, 5299, 5359, 5385, 5456, 5495, 5499, 5525, 5526, 5626, 
66, 92, 105, 261, 276, 284, 384, 393, 408, 571, 698, 719, 926, 935, 943, 1026, 1174, 1223, 1233, 1260, 1272, 1321, 1361, 1406, 1410, 1413, 1448, 1449, 1456, 1473, 1504, 1767, 1768, 1845, 1851, 1873, 1879, 1889, 1967, 2051, 2064, 2162, 2229, 2258, 2312, 2476, 2546, 2602, 2668, 2693, 2705, 2723, 2800, 2842, 2891, 2920, 3052, 3062, 3192, 3198, 3203, 3266, 3746, 3784, 3785, 3788, 4111, 4144, 4149, 4166, 4187, 4374, 4376, 4389, 4401, 4416, 4597, 4602, 4630, 4640, 4688, 4750, 4793, 4844, 5058, 5131, 5308, 5347, 5413, 5428, 5620, 
67, 38, 52, 57, 87, 385, 435, 511, 583, 632, 643, 740, 742, 772, 798, 880, 893, 1071, 1102, 1273, 1313, 1315, 1354, 1401, 1431, 1478, 1508, 1781, 1877, 2069, 2108, 2113, 2148, 2181, 2246, 2310, 2361, 2364, 2595, 2603, 2679, 2704, 2709, 2744, 2748, 2785, 2792, 2837, 2983, 3018, 3067, 3193, 3218, 3366, 3443, 3452, 3456, 3523, 3610, 3698, 3823, 3847, 3873, 3900, 3903, 3904, 4075, 4282, 4283, 4288, 4390, 4440, 4541, 4802, 4819, 4820, 4857, 4988, 5059, 5326, 5346, 5432, 5452, 5470, 5584, 5634, 
68, 50, 61, 95, 154, 160, 179, 185, 285, 291, 317, 345, 349, 350, 353, 387, 513, 577, 619, 680, 693, 800, 802, 853, 887, 999, 1003, 1146, 1172, 1209, 1438, 1496, 1509, 1512, 1626, 1739, 1753, 1763, 1766, 1897, 1986, 2035, 2170, 2212, 2225, 2235, 2386, 2461, 2545, 2664, 2722, 2812, 2888, 2927, 2943, 3078, 3087, 3300, 3368, 3386, 3461, 3473, 3482, 3587, 3680, 3689, 3759, 3765, 3898, 3926, 3945, 3985, 4095, 4113, 4210, 4352, 4426, 4433, 4506, 4587, 4643, 4690, 4753, 4787, 4968, 4980, 5094, 5098, 5108, 5124, 5145, 5148, 5155, 5221, 5222, 5237, 5379, 5450, 5466, 5590, 
69, 9, 167, 196, 712, 713, 756, 982, 1010, 1014, 1110, 1113, 1342, 1546, 1558, 1927, 1991, 2101, 2376, 2403, 2633, 2925, 2929, 2992, 3002, 3011, 3013, 3098, 3148, 3149, 3174, 3350, 3351, 3365, 3429, 3522, 3526, 3528, 3529, 3647, 3734, 3924, 4042, 4096, 4097, 4218, 4307, 4330, 4455, 4467, 4746, 5007, 5072, 5100, 5193, 5224, 5517, 5547, 
70, 79, 124, 146, 271, 409, 486, 508, 551, 557, 609, 653, 727, 923, 1025, 1057, 1086, 1153, 1397, 1412, 1464, 1483, 1607, 1612, 1777, 1839, 1864, 1957, 2066, 2090, 2202, 2205, 2281, 2289, 2359, 2370, 2375, 2459, 2691, 2783, 2894, 3199, 3276, 3369, 3393, 3787, 3857, 3862, 3995, 4066, 4116, 4212, 4434, 4453, 4465, 4656, 4657, 4754, 4811, 4835, 4974, 5190, 5223, 5294, 5369, 5410, 5435, 5439, 5440, 5616, 5633, 5669, 
71, 151, 381, 399, 533, 550, 622, 677, 685, 691, 963, 1016, 1125, 1126, 1133, 1135, 1157, 1208, 1234, 1258, 1474, 1492, 1543, 1623, 1828, 1831, 1975, 2061, 2119, 2161, 2191, 2279, 2491, 2495, 2499, 2605, 2614, 2660, 2666, 2699, 2760, 2766, 2964, 3033, 3085, 3179, 3288, 3534, 3560, 3675, 3684, 3690, 3777, 3781, 3797, 3803, 3805, 3807, 3837, 3855, 4158, 4233, 4249, 4280, 4300, 4435, 4474, 4547, 4632, 4745, 4834, 4947, 4948, 4953, 5130, 5164, 5341, 5414, 5443, 5475, 5565, 
72, 163, 202, 211, 245, 252, 398, 421, 448, 635, 825, 835, 837, 866, 980, 1047, 1058, 1070, 1300, 1309, 1389, 1424, 1521, 1555, 1561, 1666, 1722, 1911, 1913, 1922, 2098, 2404, 2528, 2922, 2924, 2932, 2934, 2973, 2995, 3039, 3042, 3111, 3215, 3298, 3320, 3329, 3374, 3448, 3501, 3512, 3531, 3643, 3659, 3693, 3727, 3730, 3732, 3914, 3965, 3970, 3974, 4011, 4018, 4029, 4070, 4117, 4147, 4219, 4223, 4309, 4410, 4445, 4482, 4483, 4531, 4580, 4740, 4743, 4877, 4887, 4897, 4907, 4908, 4921, 5037, 5113, 5240, 5307, 5394, 
73, 216, 346, 495, 646, 666, 738, 749, 752, 896, 938, 940, 962, 964, 965, 1000, 1040, 1041, 1120, 1190, 1193, 1274, 1303, 1324, 1333, 1340, 1384, 1460, 1501, 1592, 1620, 1698, 1852, 1860, 1869, 1938, 2123, 2381, 2427, 2429, 2661, 2882, 2926, 3024, 3025, 3126, 3188, 3277, 3451, 3567, 3623, 3778, 3794, 3892, 4160, 4230, 4286, 4540, 4563, 4608, 4833, 4901, 4961, 4994, 5014, 5178, 5233, 5292, 5304, 5305, 5506, 5546, 
74, 28, 122, 319, 372, 1307, 1312, 1316, 1334, 1398, 1657, 1678, 1989, 2023, 2032, 2038, 2077, 2089, 2196, 2303, 2565, 2806, 2848, 2869, 2946, 3171, 3382, 3404, 3406, 3536, 3543, 3726, 3944, 4169, 4336, 4362, 4432, 4459, 4473, 4517, 4530, 4619, 4752, 4880, 5077, 5228, 5383, 5492, 5675, 
